name: myenv
channels:
  - defaults
dependencies:
  - blas=1.0=mkl
  - bzip2=1.0.8=h2bbff1b_6
  - ca-certificates=2025.9.9=haa95532_0
  - deprecated=1.2.13=py312haa95532_0
  - expat=2.7.1=h8ddb27b_0
  - filelock=3.17.0=py312haa95532_0
  - fsspec=2025.7.0=py312hbc747e5_0
  - gmp=6.3.0=h537511b_0
  - gmpy2=2.2.1=py312h827c3e9_0
  - importlib-metadata=8.5.0=py312haa95532_0
  - intel-openmp=2023.1.0=h59b6b97_46320
  - jinja2=3.1.6=py312haa95532_0
  - libabseil=20250127.0=cxx17_h52369b4_0
  - libffi=3.4.4=hd77b12b_1
  - libprotobuf=5.29.3=h65a231f_1
  - libtorch=2.6.0=cpu_mkl_hcc61593_106
  - libuv=1.48.0=h827c3e9_0
  - libzlib=1.3.1=h02ab6af_0
  - markupsafe=3.0.2=py312h827c3e9_0
  - mkl=2023.1.0=h6b88ed4_46358
  - mkl-service=2.4.0=py312h827c3e9_2
  - mkl_fft=1.3.11=py312h827c3e9_0
  - mkl_random=1.2.8=py312h0158946_0
  - mpc=1.3.1=h827c3e9_0
  - mpfr=4.2.1=h56c3642_0
  - mpmath=1.3.0=py312haa95532_0
  - networkx=3.5=py312haa95532_0
  - numpy=2.0.1=py312hfd52020_1
  - numpy-base=2.0.1=py312h4dde369_1
  - openssl=3.0.17=h35632f6_0
  - opentelemetry-api=1.30.0=py312haa95532_0
  - pip=25.2=pyhc872135_0
  - python=3.12.11=h716150d_0
  - setuptools=78.1.1=py312haa95532_0
  - sleef=3.5.1=h8cc25b3_2
  - sqlite=3.50.2=hda9a48d_1
  - sympy=1.14.0=py312haa95532_0
  - tbb=2021.8.0=h59b6b97_0
  - tk=8.6.15=hf199647_0
  - typing_extensions=4.15.0=py312haa95532_0
  - tzdata=2025b=h04d1e81_0
  - ucrt=10.0.22621.0=haa95532_0
  - vc=14.3=h2df5915_10
  - vc14_runtime=14.44.35208=h4927774_10
  - vs2015_runtime=14.44.35208=ha6b5a95_10
  - wheel=0.45.1=py312haa95532_0
  - wrapt=1.17.0=py312h827c3e9_0
  - xz=5.6.4=h4754444_1
  - zipp=3.21.0=py312haa95532_0
  - zlib=1.3.1=h02ab6af_0
  - pip:
      - certifi==2025.8.3
      - charset-normalizer==3.4.3
      - contourpy==1.3.3
      - cycler==0.12.1
      - fonttools==4.59.2
      - idna==3.10
      - kiwisolver==1.4.9
      - matplotlib==3.10.6
      - opencv-python==4.12.0.88
      - packaging==25.0
      - pillow==11.3.0
      - polars==1.33.1
      - psutil==7.0.0
      - pyparsing==3.2.4
      - python-dateutil==2.9.0.post0
      - pyyaml==6.0.2
      - requests==2.32.5
      - scipy==1.16.2
      - six==1.17.0
      - torch==2.8.0
      - torchvision==0.23.0
      - ultralytics==8.3.199
      - ultralytics-thop==2.0.17
      - urllib3==2.5.0
prefix: C:\Users\mants\miniconda3\envs\myenv
